0.999994
0.999987
0.999996
0.999996
0.999996
0.999994
0.999989
0.999987
0.999981
0.999990
0.999989
0.999982
0.999979
0.999985
0.999283
0.968164
0.999993
0.999993
0.999995
0.999991
0.999994
0.999989
0.999990
0.999959
0.999990
0.999994
0.999998
0.999992
0.999986
0.999988
0.999946
0.999996
0.999996
0.999997
0.999994
0.999997
0.999993
0.999988
0.999970
0.999980
0.999993
0.999993
0.999997
0.999993
0.999974
0.999996
0.999995
0.999975
0.999996
0.999994
0.999993
0.999997
0.999992
0.999989
0.999987
0.999992
0.999990
0.999987
0.999992
0.999996
0.999997
0.999991
0.999998
0.999999
0.999996
0.999995
0.999994
0.999996
0.999994
0.999987
0.999988
0.999995
0.999992
0.999981
0.999989
0.999997
0.999994
0.999991
0.999996
0.999998
1.000000
0.999993
0.999995
0.999988
0.999993
0.999989
0.999993
0.999990
0.999991
0.999989
0.999989
0.999965
0.999993
0.999994
0.999996
0.999998
0.999995
0.999994
0.999995
0.999992
0.999986
0.999978
0.999915
0.999987
0.999996
0.999994
0.999999
0.999997
0.999995
0.999994
0.999998
0.999999
0.999991
0.999981
0.999981
0.999986
0.999995
0.999997
0.999996
0.999997
1.000000
1.000000
0.999996
0.999997
0.999997
0.999993
0.999991
0.999996
0.999990
0.999994
0.999996
0.999998
0.999996
0.999997
0.999997
0.999996
0.999990
0.999999
0.999999
0.999997
0.999996
0.999991
0.999992
0.999994
0.999991
0.999996
1.000000
0.999997
0.999998
0.999998
0.999997
0.999992
0.999992
0.999997
0.999996
0.999994
0.999994
0.999994
0.999994
0.999989
0.999989
0.999991
0.999996
0.999996
1.000000
0.999997
0.999997
0.999997
0.999996
0.999993
0.999990
0.999995
0.999993
0.999991
0.999989
0.999974
0.999940
0.999974
0.999987
0.999995
0.999997
0.999997
0.999994
0.999994
0.999992
0.999992
0.999992
0.999995
0.999991
0.999988
0.999979
0.999982
0.999988
0.999990
0.999982
0.999988
0.999992
0.999996
0.999997
0.999994
0.999996
0.999991
0.999991
0.999989
0.999988
0.999990
0.999985
0.999985
0.999995
0.999992
0.999988
0.999986
0.999950
0.999983
0.999994
0.999995
0.999995
0.999988
0.999992
0.999990
0.999994
0.999986
0.999990
0.999992
0.999986
0.999867
0.999280
0.999575
0.999963
0.999992
0.999995
0.999993
0.999987
0.999981
0.999992
0.999987
0.999994
0.999992
0.999997
0.999993
0.999978
0.995100
0.954253
0.979511
0.997430
0.999961
0.999990
0.999988
0.999976
0.999993
0.999992
0.999989
0.999991
0.999989
0.999995
0.999986
0.999735
0.999926
0.992160
0.998392
0.996163
0.999642
0.999645
0.999967
0.999958
0.999819
0.999861
0.999900
0.999900
0.999937
0.999929
0.999935
0.999880
0.997850
0.999978
0.999981
0.999911
0.999945
0.999934
0.999883
0.999912
0.999908
0.999916
0.999945
0.999839
0.063032
0.944922
0.999986
0.999924
0.999970
0.999903
0.999887
0.998508
0.997303
0.995608
0.999878
0.999929
0.999711
0.955346
0.000000
0.999990
0.999991
0.999986
0.999958
0.999932
0.998017
0.986907
0.982942
0.998861
0.989152
0.075020
0.133947
0.999993
0.999997
0.999995
0.999994
0.999988
0.999929
0.999856
0.999908
0.999971
0.999972
0.999889
0.999938
0.997596
0.898286
0.999989
0.999993
0.999995
0.999997
0.999996
0.999995
0.999985
0.999981
0.999983
0.999992
0.999986
0.999971
0.999967
0.999879
0.964242
