0.000058
0.000062
0.000049
0.000043
0.000065
0.000347
0.000205
0.000185
0.000270
0.000516
0.000823
0.001735
0.000988
0.000568
0.002485
0.000061
0.000083
0.000093
0.000100
0.000186
0.000370
0.000316
0.001281
0.001757
0.001123
0.000369
0.000313
0.000528
0.000051
0.000095
0.000074
0.000035
0.000039
0.000089
0.000251
0.000355
0.000511
0.001752
0.006718
0.006580
0.000347
0.000445
0.000481
0.000052
0.000081
0.000069
0.000070
0.000011
0.000033
0.000086
0.000343
0.000924
0.003077
0.002716
0.000992
0.000425
0.000270
0.000092
0.000016
0.000010
0.000023
0.000037
0.000222
0.000104
0.000469
0.000331
0.000220
0.000188
0.000549
0.000176
0.000332
0.000043
0.000031
0.000022
0.000023
0.000083
0.000214
0.000045
0.000163
0.000336
0.000475
0.000393
0.000015
0.000000
0.000026
0.000017
0.000041
0.000156
0.000273
0.000076
0.000223
0.000107
0.000145
0.000163
0.000091
0.000032
0.000028
0.000047
0.000233
0.000114
0.000278
0.000091
0.000088
0.000022
0.000035
0.000227
0.000199
0.000121
0.000184
0.000096
0.000080
0.000147
0.000070
0.000287
0.000079
0.000130
0.000401
0.000263
0.000095
0.000061
0.000052
0.000141
0.000306
0.000225
0.000322
0.000252
0.000199
0.000833
0.000128
0.000048
0.000274
0.000282
0.000244
0.000455
0.000556
0.000244
0.000093
0.000140
0.000328
0.000124
0.000091
0.000080
0.000073
0.000087
0.000156
0.000081
0.000221
0.000058
0.000081
0.995820
0.994057
0.990836
0.966952
0.849042
0.910746
0.865050
0.851778
0.420997
0.924003
0.997533
1.000000
0.999961
0.999335
0.997499
0.991088
0.925679
0.757676
0.787442
0.798493
0.000488
0.001773
0.033758
0.658523
0.980737
0.998783
0.999711
0.999833
0.991807
0.973571
0.962044
0.797967
0.532140
0.671206
0.000147
0.000162
0.000165
0.000089
0.000319
0.008268
0.220684
0.919917
0.975519
0.985475
0.990893
0.944538
0.801463
0.910296
0.721160
0.509971
0.582652
0.000076
0.000101
0.000063
0.000107
0.000046
0.000064
0.000104
0.000634
0.021487
0.600724
0.888709
0.770246
0.460689
0.227736
0.489088
0.443422
0.660434
0.941483
0.000303
0.000056
0.000150
0.000022
0.000019
0.000056
0.000038
0.000019
0.000272
0.000488
0.000851
0.003682
0.005049
0.029600
0.106860
0.717493
0.949711
0.964449
0.000122
0.000140
0.000037
0.000021
0.000026
0.000050
0.000132
0.000104
0.000072
0.000080
0.000147
0.000323
0.000424
0.000922
0.017937
0.099481
0.640489
0.661035
0.000109
0.000052
0.000008
0.000002
0.000128
0.000150
0.000092
0.000100
0.000138
0.000561
0.001649
0.004761
0.003932
0.012113
0.073453
