0.622320
0.002452
0.948712
0.998132
0.996101
0.999225
0.785742
0.694357
0.742961
0.667826
0.999399
0.999258
0.998532
0.824431
0.939108
0.999810
0.898701
0.890499
0.997650
0.999470
0.996743
0.997801
0.999915
0.000000
0.618458
0.993077
0.998243
0.964118
0.997295
0.996433
0.984200
0.996154
0.999779
0.005700
0.002578
0.386619
0.757854
0.957054
0.991610
0.955520
0.987185
0.924613
0.645323
0.901178
0.997911
0.457527
0.341586
0.520105
0.998220
0.998805
0.997140
0.992047
0.977779
0.879055
0.347773
0.670589
0.954966
0.999625
0.825712
0.926251
0.959293
0.989843
0.999954
0.998137
0.999475
0.999609
0.997615
0.989401
0.950876
0.983766
0.995880
0.995479
0.988028
0.993848
0.993896
0.995007
0.999261
0.999704
0.999973
0.999874
0.998905
0.999553
0.999212
0.998889
0.999099
0.997557
0.998505
0.972899
0.956359
0.989257
0.993189
0.999713
0.998750
0.999992
0.999955
0.999987
0.999905
0.999986
0.999953
0.999603
0.996851
0.994605
0.964811
0.965631
0.993568
0.999423
0.999954
1.000000
0.999995
0.999917
0.999765
0.999964
0.999979
0.999995
0.999955
0.977301
0.951183
0.910662
0.938020
0.958523
0.991438
0.994641
0.999979
0.999995
0.999879
0.999602
0.999918
0.999970
0.997873
0.999169
0.907870
0.889440
0.964653
0.991689
0.999990
0.999969
0.996470
0.999316
0.999978
0.999785
0.960838
0.932660
0.990202
0.999067
0.996657
0.997108
0.998537
0.977835
0.993480
0.984629
0.988543
0.990535
0.997479
0.865467
0.993786
0.999285
0.998803
0.800105
0.901024
0.999015
0.999176
0.997033
0.579832
0.835736
0.985907
0.996097
0.997686
