0.885001
0.891697
0.883999
0.999574
0.999553
0.999883
0.999885
0.999984
0.999895
0.999874
0.997610
0.997910
0.976336
0.937225
0.798335
0.860670
0.830784
0.840232
0.999147
0.999822
0.999794
0.999946
0.999995
0.999878
0.999543
0.947406
0.888061
0.773849
0.753896
0.879412
0.666727
0.943958
0.996662
0.999454
0.998782
0.998501
0.999817
0.999543
0.936581
0.762862
0.747018
0.778530
0.774925
0.853635
0.713857
0.778652
0.894524
0.992499
0.929747
0.938218
0.983943
0.910185
0.974223
0.963330
0.865812
0.669861
0.779884
0.743251
0.799570
0.856289
0.888363
0.939678
0.611544
0.979811
0.858121
0.894548
0.998562
0.998817
0.954795
0.877875
0.884533
0.658073
0.619802
0.794381
0.935341
0.945303
0.995661
0.986506
0.999239
0.674781
0.765971
0.858358
0.712114
0.948161
0.994680
0.784040
0.685075
0.761979
0.786957
0.644623
0.755337
0.963943
0.999204
0.999543
0.999726
0.999665
0.620936
0.696170
0.735295
0.670592
0.886857
0.820760
0.603900
0.358157
0.568064
0.678675
0.792343
0.935320
0.998648
0.999684
0.999506
0.999639
0.999794
0.468286
0.539487
0.688919
0.681870
0.794793
0.764434
0.418138
0.000000
0.202939
0.784272
0.889684
0.943180
0.998878
0.999344
0.964866
0.989711
0.987014
0.620351
0.434127
0.451596
0.392520
0.637014
0.899425
0.931565
0.946099
0.996561
0.995244
0.986881
0.998969
0.080395
0.374744
0.836402
0.995823
0.998025
0.998562
0.998208
0.975737
0.996603
0.539323
0.634470
0.929478
0.998997
0.999808
0.999794
0.999883
0.999768
0.972996
0.894056
0.985782
0.999698
0.998808
0.999665
0.999740
0.999564
0.997974
0.915103
0.998236
0.999702
0.756143
0.990521
0.999602
0.999845
0.999693
0.999913
0.999995
0.999974
0.999890
0.999845
0.999874
0.999859
0.999808
0.997791
0.999620
0.999248
0.981125
0.667561
0.999845
0.999890
0.999510
0.999937
1.000000
0.999941
0.999780
0.999644
0.999845
0.999951
0.999960
0.999442
0.989545
0.995886
0.889534
0.451018
0.854513
0.995317
0.999616
0.999883
0.999883
0.999864
0.999946
0.999864
0.999899
0.999941
0.999597
0.999918
0.999883
0.999850
0.951401
0.945499
0.701486
0.994684
0.999386
0.997955
0.999538
0.999679
0.999314
0.999721
0.999850
0.999883
0.999817
0.999784
0.999754
0.999817
0.999555
0.980455
0.920796
0.806849
0.697187
0.991939
0.975598
0.980488
0.998625
0.999740
0.998213
0.999524
0.999702
0.999932
0.999442
0.999635
0.999827
0.999663
0.899810
0.844081
