0.001090
0.126071
0.706401
0.999445
0.998801
0.292945
0.009247
0.016337
0.385535
0.613241
0.924517
0.986538
0.466251
0.989282
0.883185
0.025794
0.316759
0.740838
0.680703
0.695958
0.684561
0.097478
0.123331
0.358104
0.971303
0.568968
0.200924
0.059869
0.480416
0.922852
0.994357
0.981765
0.896778
0.997930
0.956666
0.984882
0.610710
0.047005
0.796120
0.676322
0.998646
0.571661
0.981969
0.980767
0.995566
0.908549
0.987171
0.642288
0.012116
0.038779
0.026248
0.066426
0.446819
0.981625
0.988505
0.964364
0.998874
0.998508
0.998074
0.993936
0.894476
0.937810
0.989950
0.990990
0.997238
0.597825
0.872216
0.955673
0.997001
0.999243
0.909344
0.110481
0.002994
0.000967
0.010088
0.217596
0.921897
0.816671
0.992764
0.989799
0.998735
0.998489
0.997408
0.970991
0.558057
0.992069
0.961288
0.797132
0.804726
0.998266
0.816749
0.465956
0.612987
0.977782
0.994868
0.995277
0.852435
0.677701
0.047937
0.005368
0.284083
0.958061
0.989356
0.997906
0.992894
0.983449
0.997452
0.997310
0.969706
0.995188
0.895549
0.979015
0.926745
0.601322
0.997248
0.997773
0.943821
0.566353
0.423828
0.225771
0.961294
0.993906
0.991144
0.005166
0.026816
0.196214
0.503703
0.993591
0.998488
0.996777
0.998205
0.998819
0.998024
0.770292
0.988288
0.998338
0.989246
0.992115
0.998308
0.654276
0.664744
0.185716
0.642080
0.974793
0.994734
0.417275
0.309272
0.519506
0.341217
0.358317
0.963982
0.996763
0.996218
0.970986
0.959170
0.316404
0.867575
0.917394
0.997994
0.986221
0.994475
0.654525
0.979907
0.982374
0.655303
0.178769
0.989318
0.604941
0.273708
0.441346
0.275922
0.047069
0.997235
0.930915
0.351434
0.307969
0.546798
0.993080
0.993987
0.996661
0.992506
0.996660
0.976284
0.961729
0.466265
0.418970
0.004317
0.015320
0.524393
0.354305
0.197465
0.996934
0.997573
0.770406
0.509963
0.552745
0.721302
0.934799
0.967062
0.981863
0.559087
0.115150
0.001134
0.000467
0.003644
0.325614
0.949427
0.418090
0.333953
0.695404
0.998514
0.996578
0.997764
0.906830
0.837034
0.637431
0.594979
0.560603
0.335850
0.015545
0.002934
0.000375
0.000609
0.002068
0.081861
0.368632
0.940919
0.347091
0.413640
0.997667
0.999212
0.998544
0.999132
0.998304
0.998325
0.793517
0.622968
0.647965
0.944721
0.000628
0.000731
0.001019
0.003288
0.005966
0.039668
0.344164
0.951539
0.774338
0.412419
0.389648
0.992635
0.996579
0.715037
0.997050
0.998748
0.998134
0.998237
0.997604
0.806167
0.908861
0.945638
0.000285
0.001400
0.010442
0.047072
0.015018
0.096974
0.383092
0.427941
0.351768
0.439492
0.945237
0.997714
0.997027
0.998204
0.998057
0.998841
0.997691
0.998359
0.996022
0.955105
0.992420
0.977390
0.000867
0.010459
0.017410
0.031329
0.031579
0.005932
0.030441
0.033713
0.373256
0.998643
0.996529
0.998165
0.996081
0.998371
0.999393
0.998488
0.996912
0.992621
0.870011
0.998276
0.977270
0.004823
0.055040
0.096465
0.222076
0.075425
0.012090
0.173921
0.999441
0.993276
0.992487
0.990407
0.996297
0.999857
0.997139
0.987022
0.893843
0.996193
0.998893
0.002065
0.172494
0.363399
0.417488
0.053729
0.001814
0.041131
0.956811
0.992622
0.992853
0.996519
0.949973
0.989861
0.982501
0.999189
0.998607
0.996088
0.894992
0.997559
0.999638
0.193690
0.419430
0.142511
0.003615
0.003713
0.006835
0.850096
0.997491
0.996441
0.987955
0.992338
0.995733
0.760424
0.998076
0.998835
0.996538
0.924232
0.999071
0.997991
0.234049
0.147721
0.008363
0.026960
0.011041
0.419263
0.987774
0.968324
0.974729
0.939304
0.998649
0.996507
0.998617
0.998707
0.998664
0.998630
0.999317
0.033726
0.008280
0.008571
0.011061
0.019672
0.515063
0.848274
0.996561
0.996683
0.998936
0.998214
0.998614
0.997850
0.999013
0.998455
0.998405
0.002962
0.006535
0.008547
0.050008
0.455579
0.993026
0.995977
0.999271
0.999547
0.999326
0.999534
0.999531
0.998171
0.038716
0.999635
0.999957
0.999941
0.999767
0.999842
0.003056
0.002511
0.002136
0.046184
0.958720
0.998510
0.993273
0.999195
0.999917
0.999171
0.997666
0.999465
0.001842
0.001720
0.004577
0.463311
0.998015
0.999874
0.998742
0.999632
0.999414
0.998955
0.999046
0.000720
0.523848
0.999165
0.999445
0.999188
0.999971
0.999930
0.999210
0.285971
0.856067
0.999661
0.999928
0.972358
0.999364
0.999999
0.999387
0.000482
0.005886
0.832516
0.999651
0.999768
0.991416
0.999949
0.999994
0.999977
0.000114
0.003422
0.993002
0.999961
0.999925
0.988499
0.999965
0.999982
0.999988
0.999823
0.998239
0.000088
0.000000
0.003178
0.792300
0.999897
0.999643
0.999913
0.999962
1.000000
0.999930
0.999932
0.996063
0.000709
0.000027
0.000031
0.000658
0.904470
0.999929
0.999928
0.999827
0.999109
0.998537
0.995347
0.969057
0.000603
0.000125
0.000000
0.000216
0.545800
0.993073
0.977032
0.999888
0.959419
0.647208
0.765819
0.297509
0.401494
0.654629
0.939725
0.159774
0.038724
0.008737
0.000414
0.002570
0.000170
0.030318
0.297898
0.620571
0.858981
0.999676
0.996509
0.795464
0.142123
0.015604
0.680820
0.991665
0.985216
0.848629
0.485706
0.019118
0.485066
0.036568
