0.999616
0.999775
0.999472
0.996829
0.999761
0.999557
0.999669
0.999418
0.998377
0.998397
0.999320
0.999467
0.998380
0.977553
0.677450
0.392536
0.291177
0.021592
0.334069
0.527853
0.722218
0.998678
0.416607
0.000000
0.866193
0.999796
0.999702
0.999616
0.999430
0.999701
0.999796
0.999589
0.999443
0.999577
0.999687
0.999775
0.998503
0.999364
0.999114
0.999536
0.997310
0.394040
0.170210
0.224902
0.310712
0.390868
0.592249
0.999606
0.611922
0.627989
0.999915
0.999826
0.999695
0.999586
0.999508
0.999801
0.999813
0.999699
0.998587
0.999344
0.999598
0.999845
0.999663
0.999530
0.999668
0.999281
0.999627
0.999548
0.999511
0.999423
0.912810
0.484285
0.383499
0.393508
0.394133
0.568471
0.999496
0.893547
0.839038
0.966944
0.999880
0.999637
0.999657
0.999451
0.999675
0.999817
0.999886
0.999491
0.997170
0.999794
0.999755
0.999809
0.999630
0.999381
0.999512
0.999599
0.999219
0.999383
0.999806
0.999621
0.997591
0.595373
0.522858
0.775346
0.520871
0.483009
0.386739
0.998808
0.999835
0.999770
0.999803
0.999777
0.999857
0.999917
0.996794
0.999720
0.999881
0.999940
0.999803
0.999768
0.999711
0.999740
0.999775
0.999502
0.999179
0.999072
0.998464
0.951571
0.992161
0.998893
0.999317
0.973308
0.521409
0.642809
0.997735
0.999606
0.999770
0.999846
0.999834
0.999905
0.999905
0.999711
0.999806
0.999802
0.999882
0.999553
0.999666
0.999653
0.999796
0.999500
0.999547
0.998414
0.997340
0.991889
0.998300
0.999815
0.999722
0.999196
0.957305
0.803015
0.999675
0.999871
0.999718
0.999725
0.999877
0.999890
0.999871
0.999528
0.999759
0.999625
0.999082
0.999738
0.999853
0.999743
0.999675
0.999549
0.997404
0.992046
0.928732
0.966713
0.991597
0.999433
0.999580
0.996836
0.989069
0.999796
0.999752
0.999638
0.999856
0.999894
0.999816
0.999796
0.999825
0.999785
0.999819
0.999720
0.999702
0.999793
0.999354
0.998989
0.999616
0.998956
0.996136
0.998259
0.998614
0.999642
0.998918
0.989490
0.998059
0.996535
0.975856
0.994727
0.999597
0.999723
0.999890
0.999963
0.999886
0.999791
0.999609
0.999629
0.999780
0.999932
0.999825
0.999825
0.999856
0.999681
0.999364
0.999493
0.998689
0.999350
0.999789
0.999743
0.993574
0.994195
0.999318
0.999211
0.967031
0.964020
0.999781
0.999702
0.999885
0.998878
0.997777
0.998669
0.999779
0.999922
0.999905
0.999886
0.999650
0.999694
0.999593
0.999670
0.999292
0.999504
0.999724
0.999862
0.999280
0.996030
0.846286
0.995606
0.999351
0.972835
0.998635
0.999439
0.999641
0.878644
0.880041
0.990768
0.999081
0.998607
0.999053
0.999506
0.997895
0.999450
0.999561
0.999488
0.999756
0.999887
0.999731
0.999906
0.999780
0.998258
0.422427
0.666071
0.980101
0.881280
0.998477
0.998830
0.995265
0.849360
0.792970
0.963175
0.993680
0.951377
0.992499
0.998015
0.999281
0.999357
0.999760
0.999874
0.999849
0.999731
0.999662
0.998123
0.843830
0.234690
0.798913
0.841587
0.999297
0.999510
0.999575
0.996864
0.979614
0.991664
0.998710
0.997704
0.981933
0.993974
0.999670
0.999405
0.999444
0.998834
0.999381
0.999642
0.999566
0.999679
0.999837
0.999825
0.998571
0.969730
0.835048
0.816692
0.851715
0.999482
0.999510
0.999556
0.999018
0.999703
0.999619
0.999176
0.999759
0.999784
0.999755
0.999761
0.999804
0.999776
0.999934
0.999707
0.999872
0.999854
0.999257
0.996878
0.941328
0.876474
0.872780
0.999145
0.999820
0.999724
0.999168
0.999450
0.999720
0.999770
0.999586
0.999780
0.999785
0.999917
0.999876
0.999970
1.000000
0.999821
0.999690
0.999712
0.999407
0.994061
0.976582
0.985213
0.999423
0.999853
0.999780
0.999646
0.999705
0.999348
0.999868
0.999644
0.999702
0.999930
0.999835
0.999901
0.999909
0.999893
0.999947
0.999986
0.999835
0.999831
0.999557
0.999703
0.998904
0.993853
0.999273
0.999766
0.999772
0.999720
0.999743
0.999650
0.999755
0.999803
0.999784
0.999848
0.999882
0.999947
0.999904
0.999831
0.999917
0.999866
0.999872
0.999825
0.999863
0.999297
0.999106
0.999638
0.999768
0.999719
0.999959
0.999725
0.999793
0.999744
0.999921
0.999890
0.999702
0.999821
0.999711
0.999866
0.999928
0.999943
0.999878
0.999845
0.999793
0.999917
0.999737
0.999233
0.999955
0.999808
0.999839
0.999768
0.999804
0.999835
0.999874
0.999904
0.999868
0.999747
0.999715
0.999926
0.999952
0.999862
0.999746
0.999743
0.999862
0.999775
0.999338
0.999441
0.999930
0.999740
0.999781
0.999668
0.999742
0.999982
0.999899
0.999774
0.999866
0.999219
0.999764
0.999739
0.999666
0.999441
0.999725
0.999536
0.999483
0.999037
0.996428
0.999830
0.999716
0.999756
0.999588
0.999843
0.999797
0.999770
0.999931
0.999893
0.999707
0.999828
0.999691
0.999837
0.999908
0.999840
0.999305
0.999501
0.999395
0.999373
0.998763
0.999630
0.999735
0.999720
0.999679
0.999800
0.999878
0.999912
0.999642
0.999715
0.999325
0.999783
0.999738
0.999673
0.998811
0.999452
0.999631
0.999503
0.999355
0.999770
0.999484
0.998787
0.999322
0.999495
0.999536
0.999659
0.913973
0.892207
0.979817
0.997419
0.999355
0.999763
0.999524
0.999511
0.999791
0.999197
0.998091
0.999224
0.999647
0.999475
0.999640
0.998719
0.964096
0.998543
0.998587
0.999340
0.999599
0.999630
0.999797
0.999707
0.999344
0.999161
0.999626
0.999580
0.999270
0.998043
0.999566
0.999488
0.997335
0.972884
0.969278
0.998211
0.999171
0.999385
0.998064
0.999292
0.996846
0.996043
0.984066
0.999123
0.999523
0.999603
0.998482
0.897011
0.999152
0.999390
0.999720
0.999653
0.999165
0.998970
0.999508
0.999517
0.996306
0.998942
0.999189
0.999700
0.997549
0.994096
0.807890
0.656273
0.972140
0.998918
0.999431
0.999182
0.999302
0.992974
0.963622
0.993931
0.997868
0.998659
0.998114
0.879637
0.999199
0.999305
0.999647
0.999487
0.999702
0.999451
0.999160
0.998943
0.999371
0.998828
0.999739
0.999589
0.997772
0.950843
0.817002
0.887436
0.656583
0.610779
0.974960
0.998506
0.990430
0.998181
0.961730
0.821220
0.998846
0.999000
0.986709
0.995057
0.952842
0.999673
0.999395
0.999255
0.999687
0.999590
0.999590
0.999163
0.998863
0.999342
0.993030
0.999411
0.999668
0.990246
0.965801
0.629619
0.477536
0.244883
0.255884
0.740609
0.883648
0.998316
0.625815
0.638720
0.724822
0.999612
0.999602
0.999253
0.997671
0.999543
0.999605
