0.000061
0.000074
0.000011
0.000004
0.000004
0.000005
0.000014
0.000063
0.000059
0.000005
0.000006
0.000005
0.738778
0.000036
0.000059
0.006510
0.000003
0.000003
0.081672
0.000004
0.000252
0.000087
0.000008
0.000008
0.000036
0.973141
0.000661
0.006282
0.732950
0.000006
0.000003
0.999101
0.000007
0.000006
0.000012
0.000020
0.000010
0.001401
0.957355
0.836524
0.524583
0.980965
0.000005
0.003949
0.999999
0.993695
0.000005
0.000009
0.000055
0.000011
0.000022
0.299051
0.898577
0.999822
0.003268
0.065468
0.000008
0.000004
1.000000
1.000000
0.999759
0.000005
0.000006
0.000033
0.889688
0.006766
0.000012
0.000373
0.999925
0.998215
0.985052
0.825442
0.000010
0.000009
0.000027
0.997200
1.000000
1.000000
0.999956
0.000003
0.000001
0.000005
0.000017
0.993458
0.990159
0.000011
0.000019
0.999947
0.999985
0.999453
0.995170
0.000007
0.000008
1.000000
1.000000
0.999928
0.000004
0.000001
0.000002
0.000001
0.000009
0.989773
0.999919
0.987834
0.000016
0.982488
0.999927
0.999988
0.999440
0.000005
0.000004
0.999889
1.000000
0.999978
0.000012
0.000005
0.000001
0.000000
0.000003
0.000039
0.988184
0.999834
0.999423
0.999973
0.999992
0.999307
0.988446
0.000003
0.000008
0.999998
0.999999
0.000391
0.000003
0.000002
0.000002
0.000011
0.000509
0.996505
0.999905
0.999975
0.999993
0.999989
0.999952
0.997747
0.000005
0.000003
0.000005
0.348900
0.000034
0.000029
0.000009
0.000005
0.000006
0.000007
0.000437
0.915146
0.998001
0.999916
0.997629
0.999816
0.999967
0.999973
0.999981
0.998396
0.926168
0.000006
0.000002
0.000011
0.000007
0.000129
0.000663
0.000061
0.000010
0.000004
0.000006
0.000026
0.917978
0.999923
0.999997
0.999994
0.999894
0.999383
0.999426
0.999784
0.999993
0.997836
0.000017
0.000016
0.000022
0.000029
0.006137
0.000021
0.000035
0.322070
0.391186
0.999965
0.999996
0.999999
0.999998
0.999972
0.999825
0.999840
0.999856
0.999754
0.000037
0.387148
0.932350
0.002971
0.016094
0.000261
0.000093
0.000076
0.000025
0.982997
0.999987
0.999998
0.999997
0.999970
0.999892
0.999962
0.998500
0.999880
0.992923
0.998763
0.988671
0.000068
0.001150
0.000384
0.000049
0.000064
0.000040
0.000036
0.995595
0.999997
0.999999
0.999846
0.999970
0.999912
0.999942
0.999503
0.999646
0.999944
0.962644
0.732258
0.000048
0.000021
0.000023
0.000046
0.000057
0.999960
0.999997
0.999975
0.999992
0.999314
0.999547
0.999929
0.999974
0.871976
0.000055
0.000012
0.000012
0.999301
0.003550
0.000009
0.000157
0.999893
0.999970
0.999920
0.719571
0.015282
0.000029
0.000007
0.947687
0.999696
0.985668
0.000571
0.000113
0.078500
0.998580
0.999929
0.999950
0.003665
0.000017
0.000025
0.817345
0.717239
0.559856
0.279645
0.209070
0.037125
0.999956
0.999964
0.183015
0.001842
0.522084
0.934842
0.836521
0.800294
0.987781
0.860507
0.757622
0.999970
0.999834
0.999695
0.999894
0.999819
0.999880
0.999031
0.999719
0.999941
0.999997
0.999813
0.996363
0.999992
0.999995
0.912348
0.000005
0.000045
0.998388
0.999866
0.999994
0.989700
0.000853
0.000030
0.805174
0.003522
0.334903
0.000006
0.000003
0.000005
0.000004
0.000005
0.999913
0.989367
0.056374
0.000016
0.000005
0.000004
0.000005
0.000008
0.000004
0.000002
0.000005
0.000003
0.000003
0.000005
0.999682
0.000004
0.000007
0.000009
0.000004
0.000004
0.000004
0.000007
0.000009
0.000007
0.000007
0.000006
0.000003
0.000011
0.008083
0.000007
0.000004
0.000005
0.000006
0.000005
0.000012
0.000012
0.000006
0.000009
0.000011
0.000006
0.000000
0.000012
0.000007
0.000005
0.000003
0.000002
0.000007
0.000013
0.000012
0.000008
0.000009
0.000031
0.000010
0.000246
0.000003
0.000124
0.000022
0.000004
0.000003
0.000004
0.000010
0.000013
0.000019
0.000008
0.000008
0.000020
0.000017
0.000066
0.011082
0.000004
