0.000039
0.000591
0.000675
0.000618
0.000479
0.686200
0.995095
0.855521
0.023301
0.001351
0.001172
0.005779
0.997967
0.999881
0.999846
0.999677
0.992618
0.150893
0.785194
0.010354
0.012213
0.194600
0.000102
0.000264
0.000405
0.000490
0.001507
0.014108
0.686098
0.734990
0.759565
0.013421
0.001953
0.001142
0.002105
0.994692
0.999909
0.999613
0.999444
0.999654
0.989468
0.745581
0.002774
0.003446
0.000027
0.000241
0.000148
0.000372
0.000399
0.008748
0.948164
0.999629
0.954438
0.132068
0.052076
0.002466
0.000752
0.000861
0.008666
0.993937
0.999786
0.996620
0.999783
0.998173
0.877980
0.000093
0.000231
0.000124
0.000218
0.000165
0.003923
0.623533
0.963785
0.746993
0.228108
0.647382
0.026116
0.000800
0.135381
1.000000
0.999120
0.999339
0.998171
0.016361
0.002062
0.001564
0.000037
0.000149
0.000055
0.000360
0.000598
0.325310
0.999892
0.999439
0.029136
0.005464
0.007286
0.000377
0.002504
0.999506
0.999843
0.999567
0.955517
0.096832
0.005651
0.006546
0.010069
0.000381
0.000145
0.000321
0.000409
0.000505
0.029587
0.999995
0.999731
0.043138
0.004431
0.003160
0.000520
0.000434
0.001379
0.998563
0.999752
0.999411
0.999263
0.998610
0.995822
0.025381
0.000508
0.000575
0.000282
0.000642
0.000052
0.000553
0.000351
0.004365
0.089737
0.000518
0.000379
0.000993
0.003760
0.117401
0.981129
0.991599
0.999729
0.999819
0.969000
0.987932
0.132882
0.000116
0.000281
0.000583
0.000604
0.000614
0.000106
0.000205
0.000674
0.000427
0.001006
0.001018
0.002734
0.704684
0.999007
0.922880
0.496292
0.125010
0.000240
0.000163
0.000220
0.000389
0.000731
0.000582
0.000525
0.001725
0.000412
0.000370
0.000176
0.000492
0.000837
0.001486
0.005271
0.006878
0.003760
0.003081
0.000000
0.000181
0.000182
0.000272
0.000451
0.000896
0.001159
0.000830
0.000543
0.000582
0.000943
0.000216
0.000562
0.000348
0.000215
0.000153
0.000203
0.000157
0.000415
0.000606
0.000224
0.000177
0.000160
0.000031
0.000216
0.000442
0.000963
0.000717
0.000585
0.000922
0.000317
0.000300
0.000458
0.000379
0.000363
0.000329
0.000178
0.000290
0.000118
0.000272
0.000419
0.000330
0.000786
0.000359
0.000325
0.000253
0.000091
0.000225
0.000565
0.000745
0.000768
0.000601
0.000586
0.000460
0.000199
0.000338
0.000235
0.000431
0.000188
0.000167
0.000282
0.000801
0.000660
0.000516
0.000422
0.000617
0.000261
0.000327
0.000230
0.000045
0.001318
0.000685
0.000569
0.000355
0.000328
0.000317
0.000330
0.000176
0.000337
0.000492
0.000532
0.000620
0.000645
0.001085
0.000585
0.000880
0.000428
0.000454
0.000518
0.000255
0.000636
0.000623
0.000346
0.000391
0.000510
0.000098
0.000240
0.000212
0.000459
0.000432
0.000740
0.000692
0.000772
0.000871
0.001151
0.000407
0.000338
0.000313
0.000370
0.000786
0.000727
0.000650
0.000455
0.000380
0.000389
0.000246
0.000172
0.000248
0.000475
0.000804
0.000722
0.001142
0.001030
0.000788
0.000604
0.000254
0.000094
0.000519
0.000696
0.001215
0.000514
0.000307
0.000172
0.000398
0.000375
0.000298
0.000239
0.000122
0.000378
0.000695
0.000915
0.001230
0.001221
0.001034
0.000790
0.000055
0.000191
0.000234
0.000461
0.000938
0.000383
0.000399
0.000446
0.000307
0.000412
0.000233
0.000380
0.000499
0.000890
0.001487
0.001528
0.001290
0.000142
0.000079
0.000400
0.000283
0.000634
0.000288
0.000313
0.000091
0.000267
0.000637
0.000455
0.000260
0.000321
0.000712
0.000628
0.000998
0.000581
0.000215
0.000142
0.000492
0.000313
0.000146
0.000122
0.000108
0.000206
0.000858
0.001494
0.003003
0.000258
0.000169
0.000148
0.000302
0.000586
0.000636
0.000186
0.000284
0.000202
0.000138
0.000146
0.000046
0.000288
0.001507
0.001803
0.001634
0.000609
0.000227
0.000229
0.000126
0.000369
0.000975
0.000150
0.000170
0.000095
0.000176
0.000302
0.001700
0.001119
0.000563
0.000281
0.000371
0.000522
0.000456
0.000199
0.989334
0.998058
0.989133
0.995770
0.660631
0.047605
0.001737
0.001809
0.909779
0.984049
0.163290
0.995357
0.994792
0.688589
0.997881
0.994452
0.025422
0.001497
0.000849
0.001127
0.000708
0.000844
0.002171
0.004484
0.746143
0.909376
0.011561
0.011792
0.035186
0.835388
0.733651
0.987169
0.193080
0.004002
0.000674
0.000705
0.000779
0.000533
0.000213
0.000509
0.000262
0.000153
0.000204
0.000285
0.000368
0.006064
0.006999
0.007926
0.016601
0.050671
0.004064
0.002680
0.035709
0.002826
0.002045
0.000065
0.000113
0.000492
0.000410
0.000355
0.000372
0.000223
0.000163
0.000161
0.000452
0.005285
0.003322
0.557065
0.272572
0.478176
0.272324
0.004541
0.018771
0.634066
0.262433
0.008915
0.000335
0.000761
0.000304
0.000704
0.000481
0.000302
0.000472
0.000276
0.000550
0.000336
0.002509
0.302051
0.545674
0.999201
0.999684
0.996784
0.993012
0.013888
0.005126
0.960921
0.655469
0.709971
0.007609
0.000500
0.000383
0.000590
0.000413
0.001330
0.003607
0.261314
0.028670
0.000585
0.001072
0.730112
0.318024
0.998881
0.999752
0.999789
0.785469
0.217789
0.013739
0.119444
0.045227
0.008353
0.722508
